A.A
1:[	1|234	14|23	123|4	24|13	142|3	43|21	2|413	3241	]
t	12:4	13:3	5:11	14:2	6:10	1:15	7:9	4


A.B
2:[	2143	413|2	34|12	3|412	13|24	4|231	23|14	423|1	]
3:[	2134	134|2	43|12	3|214	13|42	4|123	32|14	243|1	]
4:[	1243	143|2	34|21	3|124	31|24	4|213	23|41	342|1	]
t	4	9:7	15:1	10:6	2:14	11:5	3:13	4:12

-------------------------------------------------------------------------
B.A
1:[	4132	2143	3412	2314	4231	1324	]
t	9	5	4	3	2	1
4:[	1243	3124	4213	3421	1432	2341	]
t	1	2	3	5	6	7

B.B
2:[	4312	2431	1342	2134	4123	3214	]
t	1	2	3	4	6	8
3:[	1243	3124	4213	3421	1432	2341	]
t	7	6	5	3	2	1

-------------------------------------------------------------------------

C.A
1:[	1|342	41|23	321|4	24|31	412|3	43|12	2|134	1342	]
2:[	1|432	14|32	312|4	42|13	124|3	34|21	2|341	1432	]
3:[	1|234	14|23	123|4	24|13	142|3	43|21	2|413	3241	]
t	12:4	13:3	5:11	14:2	6:10	1:15	7:9	4

C.B
4:[	1|324	41|32	231|4	42|31	214|3	34|21	2|314	1324	]
t	4	9:7	15:1	10:6	2:14	11:5	3:13	4:12
